N,17.93,18.32,0,53.36,52.51,0
N,17.91,18.32,0,53.41,52.52,0
N,17.90,18.31,0,53.47,52.53,0
N,17.88,18.31,0,53.56,52.54,0
N,17.87,18.30,0,53.58,52.55,0
N,17.86,18.30,0,53.62,52.56,0
N,17.84,18.30,0,53.65,52.57,0
N,17.83,18.29,0,53.73,52.58,0
N,17.82,18.29,0,53.74,52.59,0
ESP-ROM:esp32s3-20210327
Build:Mar 27 2021
rst:0x1 (POWERON),boot:0x2b (SPI_FAST_FLASH_BOOT)
SPIWP:0xee
mode:DIO, clock div:1
load:0x3fcd0108,len:0x39c
load:0x403b6000,len:0x9a4
load:0x403ba000,len:0x2868
SHA-256 comparison failed:
Calculated: 96edcbf24307eec974a15a9c36833138c4d40b02a8c0319c7b22c9c6b2fd11eb
Expected: 867c0d6cb8d08f5a22bebcb1e4a5d457c2700a1c6b76abeb4d778eadcc3446e2
Attempting to boot anyway...
entry 0x403b61c0
[   366][I][config.cpp:13] init(): [CONFIG] load config
[   385][I][EEPROM.cpp:119] begin(): New EEPROM of 1024 bytes
[   388][I][config.cpp:23] factory_reset(): [CONFIG] factory reset
[   388][I][config.cpp:35] save(): [CONFIG] save config
[   393][E][esp32-hal-i2c.c:142] i2cWrite(): could not acquire lock
[   394][I][wifi.cpp:20] update(): [WIFI] connecting to kachikachi-24-5g gezigeziUN0366
N,17.83,17.83,0,53.76,53.76,0
N,17.80,17.83,0,53.79,53.76,0
[  3083][I][wifi.cpp:33] update(): [WIFI] connected IP = 192.168.11.39
N,17.79,17.83,0,53.85,53.76,0
N,17.78,17.83,0,53.90,53.77,0
N,17.75,17.83,0,53.94,53.77,0
N,17.74,17.83,0,54.00,53.77,0
N,17.73,17.83,0,54.02,53.77,0
N,17.71,17.83,0,54.06,53.78,0
N,17.70,17.82,0,54.06,53.78,0
N,17.69,17.82,0,54.15,53.78,0
N,17.68,17.82,0,54.22,53.79,0
N,17.67,17.82,0,54.31,53.79,0
N,17.66,17.82,0,54.35,53.80,0
N,17.65,17.82,0,54.45,53.80,0
N,17.65,17.81,0,54.53,53.81,0
N,17.63,17.81,0,54.60,53.82,0
N,17.63,17.81,0,54.66,53.83,0
N,17.61,17.81,0,54.69,53.84,0
N,17.60,17.81,0,54.72,53.84,0
N,17.60,17.81,0,54.75,53.85,0
N,17.59,17.80,0,54.81,53.86,0
N,17.58,17.80,0,54.85,53.87,0
N,17.57,17.80,0,54.93,53.88,0
N,17.56,17.80,0,54.96,53.89,0
N,17.55,17.79,0,55.03,53.91,0
N,17.55,17.79,0,55.13,53.92,0
N,17.54,17.79,0,55.21,53.93,0
N,17.54,17.79,0,55.27,53.94,0
N,17.53,17.78,0,55.36,53.96,0
N,17.52,17.78,0,55.35,53.97,0
N,17.51,17.78,0,55.38,53.99,0
N,17.50,17.78,0,55.40,54.00,0
N,17.49,17.77,0,55.41,54.01,0
N,17.48,17.77,0,55.39,54.03,0
N,17.47,17.77,0,55.39,54.04,0
N,17.47,17.76,0,55.39,54.06,0
N,17.46,17.76,0,55.44,54.07,0
N,17.45,17.76,0,55.47,54.08,0
N,17.45,17.75,0,55.48,54.10,0
N,17.44,17.75,0,55.52,54.11,0
N,17.44,17.75,0,55.49,54.13,0
N,17.43,17.75,0,55.51,54.14,0
N,17.43,17.74,0,55.53,54.15,0
N,17.42,17.74,0,55.58,54.17,0
N,17.41,17.74,0,55.59,54.18,0
N,17.41,17.73,0,55.63,54.20,0
N,17.40,17.73,0,55.64,54.21,0
N,17.39,17.73,0,55.67,54.23,0
N,17.39,17.72,0,55.67,54.24,0
N,17.39,17.72,0,55.64,54.25,0
N,17.37,17.72,0,55.65,54.27,0
N,17.37,17.71,0,55.60,54.28,0
N,17.36,17.71,0,55.60,54.29,0
N,17.36,17.70,0,55.62,54.31,0
N,17.35,17.70,0,55.60,54.32,0
N,17.35,17.70,0,55.59,54.33,0
N,17.34,17.69,0,55.60,54.35,0
N,17.34,17.69,0,55.61,54.36,0
N,17.34,17.69,0,55.65,54.37,0
N,17.33,17.68,0,55.70,54.38,0
N,17.32,17.68,0,55.74,54.40,0
N,17.32,17.68,0,55.77,54.41,0
N,17.31,17.67,0,55.83,54.43,0
N,17.31,17.67,0,55.85,54.44,0
N,17.30,17.67,0,55.93,54.46,0
N,17.30,17.66,0,55.97,54.47,0
N,17.30,17.66,0,55.97,54.49,0
N,17.29,17.65,0,56.00,54.50,0
N,17.28,17.65,0,56.06,54.52,0
N,17.28,17.65,0,56.08,54.53,0
N,17.28,17.64,0,56.07,54.55,0
N,17.29,17.64,0,56.11,54.56,0
N,17.28,17.64,0,56.12,54.58,0
N,17.27,17.63,0,56.11,54.59,0
N,17.27,17.63,0,56.15,54.61,0
N,17.27,17.63,0,56.19,54.63,0
N,17.26,17.62,0,56.19,54.64,0
N,17.25,17.62,0,56.24,54.66,0
N,17.25,17.61,0,56.25,54.67,0
N,17.25,17.61,0,56.29,54.69,0
N,17.25,17.61,0,56.27,54.70,0
N,17.24,17.60,0,56.27,54.72,0
N,17.24,17.60,0,56.28,54.74,0
N,17.23,17.60,0,56.28,54.75,0
N,17.23,17.59,0,56.27,54.77,0
N,17.23,17.59,0,56.30,54.78,0
N,17.22,17.59,0,56.37,54.80,0
N,17.23,17.58,0,56.42,54.81,0
N,17.23,17.58,0,56.48,54.83,0
N,17.22,17.57,0,56.56,54.85,0
N,17.21,17.57,0,56.61,54.87,0
N,17.22,17.57,0,56.66,54.88,0
N,17.21,17.56,0,56.68,54.90,0
N,17.22,17.56,0,56.70,54.92,0
N,17.21,17.56,0,56.78,54.94,0
N,17.21,17.55,0,56.84,54.96,0
N,17.21,17.55,0,56.89,54.98,0
N,17.21,17.55,0,56.92,55.00,0
N,17.20,17.54,0,56.94,55.02,0
N,17.20,17.54,0,56.92,55.03,0
N,17.21,17.54,0,56.96,55.05,0
N,17.20,17.53,0,56.96,55.07,0
N,17.19,17.53,0,56.98,55.09,0
N,17.20,17.53,0,57.06,55.11,0
N,17.20,17.52,0,57.11,55.13,0
N,17.21,17.52,0,57.23,55.15,0
N,17.21,17.52,0,57.34,55.17,0
N,17.21,17.51,0,57.36,55.20,0
N,17.20,17.51,0,57.38,55.22,0
N,17.20,17.51,0,57.38,55.24,0
N,17.20,17.50,0,57.38,55.26,0
N,17.19,17.50,0,57.42,55.28,0
N,17.20,17.50,0,57.47,55.30,0
N,17.19,17.50,0,57.52,55.33,0
N,17.20,17.49,0,57.60,55.35,0
N,17.20,17.49,0,57.66,55.37,0
N,17.20,17.49,0,57.65,55.40,0
N,17.21,17.48,0,57.66,55.42,0
N,17.20,17.48,0,57.66,55.44,0
N,17.20,17.48,0,57.63,55.46,0
N,17.18,17.48,0,57.62,55.48,0
N,17.18,17.47,0,57.61,55.50,0
N,17.18,17.47,0,57.60,55.53,0
N,17.18,17.47,0,57.57,55.55,0
N,17.19,17.46,0,57.54,55.57,0
N,17.18,17.46,0,57.51,55.59,0
N,17.18,17.46,0,57.52,55.60,0
N,17.18,17.46,0,57.52,55.62,0
N,17.19,17.45,0,57.52,55.64,0
N,17.19,17.45,0,57.54,55.66,0
N,17.18,17.45,0,57.53,55.68,0
N,17.18,17.44,0,57.54,55.70,0
N,17.18,17.44,0,57.53,55.72,0
N,17.17,17.44,0,57.54,55.74,0
N,17.17,17.44,0,57.51,55.75,0
N,17.17,17.43,0,57.52,55.77,0
N,17.17,17.43,0,57.51,55.79,0
N,17.17,17.43,0,57.51,55.81,0
N,17.17,17.43,0,57.52,55.82,0
N,17.17,17.42,0,57.52,55.84,0
N,17.16,17.42,0,57.52,55.86,0
N,17.16,17.42,0,57.47,55.87,0
N,17.16,17.42,0,57.50,55.89,0
N,17.16,17.41,0,57.48,55.91,0
N,17.17,17.41,0,57.44,55.92,0
N,17.17,17.41,0,57.47,55.94,0
N,17.18,17.41,0,57.53,55.95,0
N,17.19,17.40,0,57.61,55.97,0
N,17.20,17.40,0,57.74,55.99,0
N,17.21,17.40,0,57.94,56.01,0
N,17.23,17.40,0,58.12,56.03,0
N,17.25,17.40,0,58.25,56.05,0
N,17.24,17.40,0,58.47,56.07,0
N,17.23,17.39,0,58.55,56.10,0
N,17.23,17.39,0,58.60,56.12,0
N,17.23,17.39,0,58.65,56.15,0
N,17.24,17.39,0,58.57,56.17,0
N,17.23,17.39,0,58.45,56.20,0
N,17.23,17.39,0,58.37,56.22,0
N,17.23,17.38,0,58.27,56.24,0
N,17.22,17.38,0,58.17,56.26,0
N,17.23,17.38,0,58.11,56.28,0
N,17.23,17.38,0,58.03,56.29,0
N,17.22,17.38,0,57.91,56.31,0
N,17.22,17.38,0,57.86,56.32,0
N,17.22,17.37,0,57.82,56.34,0
N,17.23,17.37,0,57.81,56.35,0
N,17.22,17.37,0,57.78,56.37,0
N,17.21,17.37,0,57.73,56.38,0
N,17.21,17.37,0,57.70,56.40,0
N,17.20,17.37,0,57.69,56.41,0
N,17.21,17.37,0,57.65,56.42,0
N,17.20,17.36,0,57.60,56.43,0
N,17.20,17.36,0,57.59,56.44,0
N,17.20,17.36,0,57.60,56.46,0
N,17.20,17.36,0,57.58,56.47,0
N,17.20,17.36,0,57.59,56.48,0
N,17.20,17.36,0,57.58,56.49,0
N,17.20,17.35,0,57.56,56.50,0
N,17.21,17.35,0,57.57,56.51,0
N,17.20,17.35,0,57.53,56.52,0
N,17.21,17.35,0,57.55,56.53,0
N,17.21,17.35,0,57.52,56.54,0
N,17.21,17.35,0,57.51,56.55,0
N,17.22,17.35,0,57.55,56.56,0
N,17.22,17.34,0,57.55,56.57,0
N,17.22,17.34,0,57.57,56.58,0
N,17.21,17.34,0,57.56,56.59,0
N,17.21,17.34,0,57.56,56.60,0
N,17.22,17.34,0,57.60,56.61,0
N,17.21,17.34,0,57.74,56.62,0
N,17.23,17.34,0,57.99,56.64,0
N,17.24,17.34,0,58.73,56.66,0
N,17.26,17.34,0,59.60,56.69,0
N,17.26,17.33,0,60.36,56.72,0
N,17.29,17.33,0,60.86,56.76,0
N,17.32,17.33,0,62.17,56.82,0
N,17.32,17.33,0,64.09,56.89,0
N,17.34,17.33,0,65.45,56.98,0
N,17.36,17.33,0,66.57,57.07,0
N,17.39,17.33,0,67.78,57.18,100
N,17.41,17.34,0,69.41,57.30,100
N,17.43,17.34,0,70.80,57.44,100
N,17.44,17.34,0,71.69,57.58,100
N,17.45,17.34,0,72.51,57.73,100
N,17.47,17.34,0,73.44,57.89,100
N,17.51,17.34,0,74.56,58.05,100
N,17.54,17.34,0,76.21,58.23,100
N,17.58,17.35,0,78.07,58.43,100
N,17.59,17.35,0,79.67,58.64,100
N,17.61,17.35,0,80.87,58.87,100
N,17.64,17.35,0,81.81,59.10,100
N,17.67,17.36,0,82.60,59.33,100
N,17.73,17.36,0,83.46,59.57,100
N,17.76,17.36,0,84.55,59.82,100
N,17.77,17.37,0,85.43,60.08,100
N,17.79,17.37,0,86.10,60.34,100
N,17.80,17.38,0,86.64,60.60,100
N,17.81,17.38,0,87.04,60.87,100
N,17.86,17.39,0,87.38,61.13,100
N,17.94,17.39,0,88.26,61.40,100
N,17.99,17.40,0,89.43,61.68,100
N,18.03,17.40,0,90.39,61.97,100
N,18.08,17.41,0,91.19,62.26,100
N,18.19,17.42,0,91.98,62.56,100
N,18.22,17.43,0,92.71,62.86,100
N,18.36,17.44,0,93.35,63.17,100
N,18.44,17.45,0,93.96,63.47,100
N,18.51,17.46,0,94.45,63.78,100
N,18.63,17.47,0,94.87,64.09,100
N,18.71,17.48,0,95.19,64.41,100
N,18.80,17.49,0,95.47,64.72,100
N,18.88,17.51,0,95.69,65.03,100
N,18.90,17.52,0,95.86,65.33,100
N,18.92,17.54,0,96.02,65.64,100
N,18.97,17.55,0,96.15,65.95,100
N,19.02,17.56,0,96.24,66.25,100
N,19.07,17.58,0,96.32,66.55,100
N,19.13,17.60,0,96.40,66.85,100
N,19.20,17.61,0,96.47,67.14,100
N,19.30,17.63,0,96.54,67.44,100
N,19.39,17.65,0,96.62,67.73,100
N,19.42,17.66,0,96.66,68.02,100
N,19.44,17.68,0,96.71,68.31,100
N,19.44,17.70,0,96.75,68.59,100
N,19.48,17.72,0,96.80,68.87,100
N,19.48,17.73,0,96.82,69.15,100
N,19.51,17.75,0,96.86,69.43,100
N,19.50,17.77,0,96.88,69.70,100
N,19.53,17.79,0,96.91,69.98,100
N,19.55,17.80,0,96.94,70.25,100
N,19.55,17.82,0,96.96,70.51,100
N,19.56,17.84,0,96.99,70.78,100
N,19.58,17.86,0,97.01,71.04,100
N,19.58,17.87,0,97.05,71.30,100
N,19.57,17.89,0,97.07,71.56,100
N,19.56,17.91,0,97.07,71.81,100
N,19.60,17.92,0,97.12,72.07,100
N,19.61,17.94,0,97.13,72.32,100
N,19.61,17.96,0,97.19,72.57,100
N,19.61,17.97,0,97.20,72.81,100
N,19.63,17.99,0,97.23,73.06,100
N,19.63,18.01,0,97.27,73.30,100
N,19.64,18.02,0,97.29,73.54,100
N,19.63,18.04,0,97.31,73.78,100
N,19.63,18.06,0,97.34,74.01,100
N,19.63,18.07,0,97.35,74.24,100
N,19.63,18.09,0,97.36,74.48,100
N,19.64,18.10,0,97.37,74.70,100
N,19.64,18.12,0,97.39,74.93,100
N,19.62,18.13,0,97.39,75.16,100
N,19.63,18.15,0,97.41,75.38,100
N,19.65,18.16,0,97.42,75.60,100
N,19.64,18.18,0,97.45,75.82,100
N,19.62,18.19,0,97.46,76.03,100
N,19.67,18.21,0,97.50,76.25,100
N,19.67,18.22,0,97.51,76.46,100
N,19.64,18.24,0,97.53,76.67,100
N,19.65,18.25,0,97.54,76.88,100
N,19.63,18.26,0,97.55,77.09,100
N,19.62,18.28,0,97.56,77.29,100
N,19.63,18.29,0,97.57,77.49,100
N,19.65,18.30,0,97.57,77.70,100
N,19.63,18.32,0,97.61,77.89,100
N,19.66,18.33,0,97.63,78.09,100
N,19.67,18.34,0,97.63,78.29,100
N,19.65,18.36,0,97.63,78.48,100
N,19.65,18.37,0,97.67,78.67,100
N,19.63,18.38,0,97.71,78.86,100
N,19.65,18.40,0,97.70,79.05,100
N,19.66,18.41,0,97.71,79.24,100
N,19.68,18.42,0,97.75,79.42,100
N,19.68,18.43,0,97.77,79.61,100
N,19.71,18.45,0,97.79,79.79,100
N,19.68,18.46,0,97.80,79.97,100
N,19.67,18.47,0,97.80,80.15,100
N,19.66,18.48,0,97.82,80.32,100
N,19.71,18.50,0,97.84,80.50,100
N,19.70,18.51,0,97.84,80.67,100
N,19.72,18.52,0,97.88,80.84,100
N,19.69,18.53,0,97.86,81.01,100
N,19.71,18.54,0,97.89,81.18,100
N,19.68,18.55,0,97.89,81.35,100
N,19.69,18.57,0,97.89,81.52,100
N,19.69,18.58,0,97.91,81.68,100
N,19.70,18.59,0,97.93,81.84,100
N,19.69,18.60,0,97.93,82.00,100
N,19.69,18.61,0,97.95,82.16,100
N,19.69,18.62,0,97.96,82.32,100
N,19.70,18.63,0,97.96,82.48,100
N,19.70,18.64,0,97.99,82.63,100
N,19.71,18.65,0,97.99,82.79,100
N,19.73,18.66,0,98.01,82.94,100
N,19.74,18.67,0,98.02,83.09,100
N,19.72,18.69,0,98.01,83.24,100
N,19.70,18.70,0,98.03,83.39,100
N,19.68,18.71,0,98.04,83.53,100
N,19.68,18.71,0,98.05,83.68,100
N,19.68,18.72,0,98.03,83.82,100
N,19.65,18.73,0,98.05,83.96,100
N,19.66,18.74,0,98.03,84.10,100
N,19.65,18.75,0,98.06,84.24,100
N,19.65,18.76,0,98.07,84.38,100
N,19.63,18.77,0,98.06,84.52,100
N,19.63,18.78,0,98.09,84.65,100
N,19.59,18.79,0,98.07,84.79,100
N,19.61,18.79,0,98.08,84.92,100
N,19.62,18.80,0,98.08,85.05,100
N,19.60,18.81,0,98.10,85.18,100
N,19.61,18.82,0,98.13,85.31,100
N,19.58,18.83,0,98.12,85.44,100
N,19.57,18.83,0,98.10,85.57,100
N,19.55,18.84,0,98.12,85.69,100
N,19.54,18.85,0,98.11,85.82,100
N,19.56,18.86,0,98.13,85.94,100
N,19.58,18.86,0,98.15,86.06,100
N,19.56,18.87,0,98.16,86.18,100
N,19.54,18.88,0,98.17,86.30,100
N,19.55,18.88,0,98.19,86.42,100
N,19.57,18.89,0,98.19,86.54,100
N,19.56,18.90,0,98.18,86.66,100
N,19.56,18.90,0,98.19,86.77,100
N,19.55,18.91,0,98.21,86.89,100
N,19.55,18.92,0,98.23,87.00,100
N,19.52,18.92,0,98.24,87.11,100
N,19.51,18.93,0,98.22,87.22,100
N,19.54,18.93,0,98.25,87.33,100
N,19.63,18.94,0,98.26,87.44,100
N,19.78,18.95,0,98.28,87.55,100
N,19.80,18.96,0,98.33,87.66,100
N,19.86,18.97,0,98.35,87.77,100
N,19.93,18.98,0,98.37,87.87,100
N,19.98,18.99,0,98.37,87.98,100
N,20.10,19.00,0,98.40,88.08,100
N,20.24,19.01,0,98.41,88.18,100
N,20.37,19.02,0,98.43,88.29,100
N,20.50,19.04,0,98.43,88.39,100
N,20.66,19.05,0,98.43,88.49,100
N,20.91,19.07,0,98.48,88.59,100
N,21.09,19.09,0,98.52,88.69,100
[522976][I][api.cpp:79] post(): [API] POST /bath/status {"status":"in"}
[525754][I][api.cpp:110] post(): [API] received data: {"status":"in"}
[532892][I][sensor.cpp:131] sensor_task(): [SENSOR] bath entered
N,21.14,19.11,0,98.49,88.79,0
E,21.57,19.14,21.57,98.49,88.88,17.84
E,21.58,19.16,21.58,98.48,88.98,17.84
E,21.59,19.19,21.59,98.50,89.07,17.84
E,21.59,19.21,21.59,98.47,89.17,17.84
E,21.62,19.24,21.62,98.48,89.26,17.84
E,21.64,19.26,21.64,98.48,89.35,17.84
E,21.68,19.28,21.68,98.51,89.44,17.84
E,21.72,19.31,21.72,98.50,89.54,17.84
E,21.75,19.33,21.75,98.50,89.62,17.84
E,21.78,19.36,21.78,98.51,89.71,17.84
E,21.81,19.38,21.81,98.52,89.80,17.84
E,21.86,19.41,21.86,98.53,89.89,17.84
E,21.85,19.43,21.86,98.53,89.98,17.84
E,21.89,19.45,21.89,98.55,90.06,17.84
E,21.98,19.48,21.98,98.56,90.15,17.84
E,22.06,19.51,22.06,98.57,90.23,17.84
E,22.12,19.53,22.12,98.58,90.31,17.84
E,22.15,19.56,22.15,98.57,90.40,17.84
E,22.13,19.58,22.15,98.57,90.48,17.84
E,22.12,19.61,22.15,98.58,90.56,17.84
E,22.13,19.63,22.15,98.58,90.64,17.84
E,22.13,19.66,22.15,98.58,90.72,17.84
E,22.18,19.68,22.18,98.61,90.80,17.84
E,22.29,19.71,22.29,98.60,90.88,17.84
E,22.34,19.74,22.34,98.61,90.95,17.84
E,22.38,19.76,22.38,98.63,91.03,17.84
E,22.42,19.79,22.42,98.62,91.11,17.84
E,22.45,19.82,22.45,98.62,91.18,17.84
E,22.48,19.84,22.48,98.62,91.26,17.84
E,22.48,19.87,22.48,98.62,91.33,17.84
E,22.52,19.90,22.52,98.64,91.40,17.84
E,22.56,19.92,22.56,98.65,91.47,17.84
E,22.56,19.95,22.56,98.65,91.55,17.84
E,22.56,19.98,22.56,98.63,91.62,17.84
E,22.55,20.00,22.56,98.65,91.69,17.84
E,22.55,20.03,22.56,98.63,91.76,17.84
E,22.54,20.05,22.56,98.65,91.83,17.84
E,22.55,20.08,22.56,98.66,91.89,17.84
E,22.60,20.10,22.60,98.66,91.96,17.84
E,22.60,20.13,22.60,98.68,92.03,17.84
E,22.61,20.15,22.61,98.70,92.10,17.84
E,22.68,20.18,22.68,98.69,92.16,17.84
E,22.68,20.20,22.68,98.69,92.23,17.84
E,22.66,20.23,22.68,98.69,92.29,17.84
E,22.65,20.25,22.68,98.70,92.36,17.84
E,22.64,20.27,22.68,98.69,92.42,17.84
[600754][I][api.cpp:79] post(): [API] POST /bath/sensors {"temperature":22.63603592,"humidity":98.71672058,"pressure":1017.296021}
E,22.66,20.30,22.68,98.72,92.48,17.84
[602759][I][api.cpp:110] post(): [API] received data: {"temperature":22.63603592,"humidity":98.71672058,"pressure":1017.296021,"lastUpdate":"2023-11-15T15:19:47Z"}
E,22.64,20.32,22.68,98.72,92.54,17.84
E,22.60,20.34,22.68,98.73,92.61,17.84
E,22.61,20.37,22.68,98.73,92.67,17.84
E,22.66,20.39,22.68,98.74,92.73,17.84
E,22.72,20.41,22.72,98.73,92.79,17.84
E,22.83,20.44,22.83,98.75,92.85,17.84
E,22.87,20.46,22.87,98.75,92.91,17.84
E,22.87,20.49,22.87,98.75,92.97,17.84
E,22.85,20.51,22.87,98.75,93.02,17.84
E,22.95,20.53,22.95,98.78,93.08,17.84
E,22.93,20.56,22.95,98.75,93.14,17.84
E,22.98,20.58,22.98,98.77,93.19,17.84
E,23.03,20.61,23.03,98.78,93.25,17.84
E,23.08,20.63,23.08,98.79,93.30,17.84
E,23.07,20.66,23.08,98.78,93.36,17.84
E,23.07,20.68,23.08,98.80,93.41,17.84
E,23.10,20.70,23.10,98.77,93.47,17.84
E,23.18,20.73,23.18,98.82,93.52,17.84
E,23.14,20.75,23.18,98.79,93.57,17.84
E,23.13,20.78,23.18,98.82,93.63,17.84
E,23.30,20.80,23.30,98.83,93.68,17.84
E,23.45,20.83,23.45,98.83,93.73,17.84
E,23.56,20.86,23.56,98.84,93.78,17.84
E,23.51,20.88,23.56,98.83,93.83,17.84
E,23.55,20.91,23.56,98.84,93.88,17.84
E,23.59,20.94,23.59,98.84,93.93,17.84
E,23.59,20.96,23.59,98.84,93.98,17.84
E,23.67,20.99,23.67,98.84,94.03,17.84
E,23.76,21.02,23.76,98.89,94.08,17.84
E,23.79,21.05,23.79,98.88,94.13,17.84
E,23.75,21.07,23.79,98.85,94.17,17.84
E,23.71,21.10,23.79,98.86,94.22,17.84
E,23.80,21.13,23.80,98.85,94.27,17.84
E,23.80,21.15,23.80,98.87,94.31,17.84
E,23.88,21.18,23.88,98.88,94.36,17.84
E,23.93,21.21,23.93,98.89,94.40,17.84
E,23.96,21.23,23.96,98.88,94.45,17.84
E,23.98,21.26,23.98,98.88,94.49,17.84
E,24.02,21.29,24.02,98.88,94.54,17.84
E,24.02,21.32,24.02,98.88,94.58,17.84
E,24.06,21.34,24.06,98.89,94.62,17.84
E,24.01,21.37,24.06,98.90,94.66,17.84
E,23.97,21.40,24.06,98.89,94.71,17.84
E,23.96,21.42,24.06,98.89,94.75,17.84
E,23.94,21.45,24.06,98.90,94.79,17.84
E,23.96,21.47,24.06,98.89,94.83,17.84
E,23.96,21.50,24.06,98.90,94.87,17.84
E,23.96,21.52,24.06,98.89,94.91,17.84
E,24.00,21.55,24.06,98.92,94.95,17.84
E,24.00,21.57,24.06,98.93,94.99,17.84
E,24.02,21.60,24.06,98.91,95.03,17.84
E,24.00,21.62,24.06,98.92,95.07,17.84
E,23.97,21.64,24.06,98.92,95.11,17.84
E,23.95,21.67,24.06,98.92,95.15,17.84
E,23.93,21.69,24.06,98.93,95.18,17.84
E,23.92,21.71,24.06,98.92,95.22,17.84
E,23.93,21.73,24.06,98.92,95.26,17.84
E,23.97,21.76,24.06,98.93,95.30,17.84
E,23.93,21.78,24.06,98.97,95.33,17.84
E,23.92,21.80,24.06,98.94,95.37,17.84
E,23.89,21.82,24.06,98.93,95.40,17.84
E,23.87,21.84,24.06,98.94,95.44,17.84
E,23.94,21.86,24.06,98.95,95.47,17.84
E,24.00,21.88,24.06,98.99,95.51,17.84
E,24.05,21.90,24.06,99.00,95.54,17.84
E,24.01,21.93,24.06,98.97,95.58,17.84
E,24.09,21.95,24.09,99.03,95.61,17.84
E,24.07,21.97,24.09,99.01,95.65,17.84
E,24.09,21.99,24.09,99.01,95.68,17.84
E,24.14,22.01,24.14,99.01,95.71,17.84
E,24.15,22.03,24.15,99.00,95.75,17.84
E,24.20,22.05,24.20,99.03,95.78,17.84
E,24.21,22.08,24.21,99.01,95.81,17.84
E,24.20,22.10,24.21,99.01,95.84,17.84
E,24.19,22.12,24.21,99.03,95.88,17.84
E,24.28,22.14,24.28,99.04,95.91,17.84
E,24.31,22.16,24.31,99.01,95.94,17.84
E,24.29,22.18,24.31,99.03,95.97,17.84
E,24.26,22.20,24.31,99.03,96.00,17.84
E,24.32,22.22,24.32,99.04,96.03,17.84
E,24.39,22.25,24.39,99.06,96.06,17.84
E,24.49,22.27,24.49,99.06,96.09,17.84
E,24.50,22.29,24.50,99.05,96.12,17.84
E,24.62,22.31,24.62,99.05,96.15,17.84
E,24.73,22.34,24.73,99.09,96.18,17.84
E,24.80,22.36,24.80,99.05,96.21,17.84
E,24.80,22.39,24.80,99.06,96.24,17.84
E,24.77,22.41,24.80,99.06,96.26,17.84
E,24.77,22.43,24.80,99.08,96.29,17.84
E,24.76,22.46,24.80,99.07,96.32,17.84
E,24.72,22.48,24.80,99.07,96.35,17.84
E,24.77,22.50,24.80,99.08,96.38,17.84
E,24.76,22.53,24.80,99.08,96.40,17.84
E,24.79,22.55,24.80,99.05,96.43,17.84
E,24.79,22.57,24.80,99.07,96.46,17.84
E,24.82,22.59,24.82,99.07,96.48,17.84
E,24.81,22.62,24.82,99.09,96.51,17.84
E,24.82,22.64,24.82,99.08,96.53,17.84
E,24.87,22.66,24.87,99.11,96.56,17.84
E,24.91,22.68,24.91,99.10,96.58,17.84
E,24.89,22.70,24.91,99.10,96.61,17.84
E,24.86,22.73,24.91,99.11,96.63,17.84
E,24.78,22.75,24.91,99.10,96.66,17.84
E,24.78,22.77,24.91,99.12,96.68,17.84
E,24.77,22.79,24.91,99.10,96.71,17.84
E,24.74,22.81,24.91,99.11,96.73,17.84
E,24.76,22.83,24.91,99.11,96.76,17.84
E,24.80,22.85,24.91,99.11,96.78,17.84
E,24.82,22.87,24.91,99.11,96.80,17.84
E,24.79,22.89,24.91,99.14,96.83,17.84
E,24.72,22.90,24.91,99.11,96.85,17.84
E,24.79,22.92,24.91,99.14,96.87,17.84
E,24.79,22.94,24.91,99.13,96.89,17.84
E,24.76,22.96,24.91,99.12,96.92,17.84
E,24.75,22.98,24.91,99.15,96.94,17.84
E,24.69,22.99,24.91,99.14,96.96,17.84
E,24.63,23.01,24.91,99.13,96.98,17.84
E,24.61,23.03,24.91,99.14,97.00,17.84
E,24.60,23.04,24.91,99.16,97.03,17.84
E,24.59,23.06,24.91,99.15,97.05,17.84
E,24.67,23.07,24.91,99.16,97.07,17.84
E,24.74,23.09,24.91,99.14,97.09,17.84
E,24.74,23.11,24.91,99.17,97.11,17.84
E,24.81,23.12,24.91,99.18,97.13,17.84
E,24.82,23.14,24.91,99.17,97.15,17.84
E,24.79,23.16,24.91,99.18,97.17,17.84
E,24.78,23.17,24.91,99.17,97.19,17.84
E,24.72,23.19,24.91,99.16,97.21,17.84
E,24.68,23.20,24.91,99.17,97.23,17.84
E,24.65,23.22,24.91,99.16,97.25,17.84
E,24.63,23.23,24.91,99.17,97.27,17.84
E,24.65,23.25,24.91,99.17,97.29,17.84
E,24.67,23.26,24.91,99.19,97.31,17.84
E,24.63,23.27,24.91,99.19,97.33,17.84
E,24.57,23.29,24.91,99.18,97.34,17.84
E,24.60,23.30,24.91,99.20,97.36,17.84
E,24.56,23.31,24.91,99.18,97.38,17.84
E,24.60,23.33,24.91,99.18,97.40,17.84
E,24.60,23.34,24.91,99.19,97.42,17.84
E,24.55,23.35,24.91,99.19,97.43,17.84
E,24.53,23.36,24.91,99.20,97.45,17.84
E,24.52,23.37,24.91,99.19,97.47,17.84
E,24.50,23.39,24.91,99.19,97.49,17.84
E,24.46,23.40,24.91,99.18,97.50,17.84
E,24.43,23.41,24.91,99.20,97.52,17.84
E,24.41,23.42,24.91,99.20,97.54,17.84
E,24.41,23.43,24.91,99.20,97.55,17.84
E,24.39,23.44,24.91,99.21,97.57,17.84
E,24.40,23.45,24.91,99.22,97.59,17.84
E,24.38,23.46,24.91,99.22,97.60,17.84
E,24.29,23.46,24.91,99.22,97.62,17.84
E,24.29,23.47,24.91,99.21,97.64,17.84
E,24.23,23.48,24.91,99.24,97.65,17.84
E,24.24,23.49,24.91,99.24,97.67,17.84
E,24.26,23.49,24.91,99.25,97.68,17.84
E,24.21,23.50,24.91,99.26,97.70,17.84
E,24.18,23.51,24.91,99.28,97.71,17.84
E,24.20,23.52,24.91,99.27,97.73,17.84
E,24.17,23.52,24.91,99.28,97.75,17.84
E,24.16,23.53,24.91,99.26,97.76,17.84
E,24.12,23.53,24.91,99.27,97.78,17.84
E,24.08,23.54,24.91,99.26,97.79,17.84
E,24.08,23.55,24.91,99.28,97.81,17.84
E,24.03,23.55,24.91,99.28,97.82,17.84
E,24.03,23.55,24.91,99.26,97.84,17.84
E,24.01,23.56,24.91,99.29,97.85,17.84
E,23.98,23.56,24.91,99.30,97.86,17.84
E,23.97,23.57,24.91,99.29,97.88,17.84
E,23.96,23.57,24.91,99.29,97.89,17.84
E,23.93,23.58,24.91,99.31,97.91,17.84
E,23.90,23.58,24.91,99.31,97.92,17.84
E,23.88,23.58,24.91,99.29,97.93,17.84
E,23.87,23.58,24.91,99.30,97.95,17.84
E,23.86,23.59,24.91,99.32,97.96,17.84
E,23.82,23.59,24.91,99.30,97.98,17.84
E,23.82,23.59,24.91,99.30,97.99,17.84
E,23.80,23.59,24.91,99.35,98.00,17.84
E,23.78,23.60,24.91,99.31,98.02,17.84
E,23.77,23.60,24.91,99.33,98.03,17.84
E,23.75,23.60,24.91,99.31,98.04,17.84
E,23.72,23.60,24.91,99.33,98.05,17.84
E,23.69,23.60,24.91,99.32,98.07,17.84
E,23.71,23.60,24.91,99.33,98.08,17.84
E,23.79,23.60,24.91,99.34,98.09,17.84
E,23.79,23.61,24.91,99.33,98.10,17.84
E,23.77,23.61,24.91,99.34,98.12,17.84
E,23.78,23.61,24.91,99.35,98.13,17.84
E,23.79,23.61,24.91,99.35,98.14,17.84
E,23.86,23.61,24.91,99.35,98.15,17.84
E,23.92,23.62,24.91,99.37,98.17,17.84
E,23.94,23.62,24.91,99.39,98.18,17.84
E,23.95,23.62,24.91,99.38,98.19,17.84
E,23.99,23.63,24.91,99.37,98.20,17.84
E,24.10,23.63,24.91,99.39,98.21,17.84
E,24.14,23.64,24.91,99.40,98.23,17.84
E,24.20,23.64,24.91,99.38,98.24,17.84
E,24.30,23.65,24.91,99.38,98.25,17.84
E,24.32,23.66,24.91,99.40,98.26,17.84
E,24.36,23.66,24.91,99.40,98.27,17.84
E,24.38,23.67,24.91,99.40,98.28,17.84
E,24.37,23.68,24.91,99.37,98.29,17.84
E,24.33,23.68,24.91,99.40,98.30,17.84
E,24.32,23.69,24.91,99.37,98.32,17.84
E,24.32,23.70,24.91,99.39,98.33,17.84
E,24.43,23.70,24.91,99.38,98.34,17.84
E,24.54,23.71,24.91,99.37,98.35,17.84
E,24.58,23.72,24.91,99.40,98.36,17.84
E,24.62,23.73,24.91,99.40,98.37,17.84
E,24.61,23.74,24.91,99.40,98.38,17.84
E,24.67,23.75,24.91,99.44,98.39,17.84
E,24.73,23.76,24.91,99.41,98.40,17.84
E,24.78,23.77,24.91,99.42,98.41,17.84
E,24.79,23.78,24.91,99.40,98.42,17.84
E,24.82,23.79,24.91,99.40,98.43,17.84
E,24.89,23.80,24.91,99.42,98.44,17.84
E,24.91,23.81,24.91,99.43,98.45,17.84
E,24.95,23.82,24.95,99.42,98.46,17.84
E,24.97,23.83,24.97,99.41,98.47,17.84
E,24.97,23.84,24.97,99.42,98.48,17.84
E,25.00,23.86,25.00,99.40,98.49,17.84
E,24.99,23.87,25.00,99.41,98.50,17.84
E,24.99,23.88,25.00,99.41,98.50,17.84
E,25.00,23.89,25.00,99.42,98.51,17.84
E,25.01,23.90,25.01,99.41,98.52,17.84
E,25.06,23.91,25.06,99.43,98.53,17.84
E,25.07,23.92,25.07,99.40,98.54,17.84
E,25.05,23.94,25.07,99.44,98.55,17.84
E,25.03,23.95,25.07,99.42,98.56,17.84
E,25.01,23.96,25.07,99.41,98.57,17.84
E,25.02,23.97,25.07,99.43,98.58,17.84
E,25.07,23.98,25.07,99.42,98.58,17.84
E,25.07,23.99,25.07,99.44,98.59,17.84
E,25.05,24.00,25.07,99.44,98.60,17.84
E,25.05,24.01,25.07,99.44,98.61,17.84
E,25.07,24.02,25.07,99.43,98.62,17.84
E,25.06,24.03,25.07,99.45,98.63,17.84
E,25.03,24.04,25.07,99.46,98.63,17.84
E,25.02,24.05,25.07,99.43,98.64,17.84
E,25.03,24.06,25.07,99.44,98.65,17.84
E,25.03,24.07,25.07,99.45,98.66,17.84
E,25.04,24.08,25.07,99.44,98.67,17.84
E,25.06,24.09,25.07,99.46,98.67,17.84
E,25.07,24.10,25.07,99.44,98.68,17.84
E,25.05,24.11,25.07,99.46,98.69,17.84
E,25.06,24.12,25.07,99.48,98.70,17.84
E,25.03,24.13,25.07,99.44,98.70,17.84
E,25.05,24.14,25.07,99.45,98.71,17.84
E,25.06,24.15,25.07,99.46,98.72,17.84
E,25.03,24.16,25.07,99.46,98.73,17.84
E,25.03,24.16,25.07,99.46,98.73,17.84
E,25.05,24.17,25.07,99.46,98.74,17.84
E,25.05,24.18,25.07,99.46,98.75,17.84
E,25.05,24.19,25.07,99.48,98.76,17.84
E,25.08,24.20,25.08,99.47,98.76,17.84
E,25.05,24.21,25.08,99.48,98.77,17.84
E,25.06,24.22,25.08,99.47,98.78,17.84
E,25.04,24.23,25.08,99.48,98.78,17.84
E,25.01,24.23,25.08,99.50,98.79,17.84
E,24.99,24.24,25.08,99.46,98.80,17.84
E,25.00,24.25,25.08,99.49,98.81,17.84
E,24.98,24.26,25.08,99.48,98.81,17.84
E,24.98,24.26,25.08,99.50,98.82,17.84
E,24.95,24.27,25.08,99.50,98.83,17.84
E,24.99,24.28,25.08,99.51,98.83,17.84
E,25.03,24.28,25.08,99.52,98.84,17.84
E,25.10,24.29,25.10,99.52,98.85,17.84
E,25.11,24.30,25.11,99.48,98.85,17.84
E,25.09,24.31,25.11,99.52,98.86,17.84
E,25.09,24.32,25.11,99.53,98.87,17.84
E,25.09,24.32,25.11,99.54,98.87,17.84
E,25.08,24.33,25.11,99.52,98.88,17.84
E,25.08,24.34,25.11,99.50,98.89,17.84
E,25.05,24.35,25.11,99.52,98.89,17.84
E,25.03,24.35,25.11,99.53,98.90,17.84
E,25.03,24.36,25.11,99.54,98.90,17.84
E,25.02,24.37,25.11,99.53,98.91,17.84
E,25.01,24.37,25.11,99.51,98.92,17.84
E,25.03,24.38,25.11,99.53,98.92,17.84
E,25.03,24.39,25.11,99.53,98.93,17.84
E,25.01,24.39,25.11,99.54,98.93,17.84
E,25.00,24.40,25.11,99.55,98.94,17.84
E,25.01,24.40,25.11,99.53,98.95,17.84
E,25.04,24.41,25.11,99.54,98.95,17.84
E,25.07,24.42,25.11,99.53,98.96,17.84
E,25.08,24.42,25.11,99.56,98.96,17.84
E,25.07,24.43,25.11,99.55,98.97,17.84
E,25.04,24.44,25.11,99.54,98.98,17.84
E,25.01,24.44,25.11,99.57,98.98,17.84
E,24.97,24.45,25.11,99.56,98.99,17.84
E,24.95,24.45,25.11,99.55,98.99,17.84
E,24.98,24.46,25.11,99.55,99.00,17.84
E,25.01,24.46,25.11,99.58,99.00,17.84
E,25.01,24.47,25.11,99.57,99.01,17.84
E,25.01,24.47,25.11,99.58,99.02,17.84
E,24.98,24.48,25.11,99.56,99.02,17.84
E,24.99,24.48,25.11,99.57,99.03,17.84
E,24.96,24.49,25.11,99.57,99.03,17.84
E,24.94,24.49,25.11,99.58,99.04,17.84
E,24.92,24.50,25.11,99.58,99.04,17.84
E,24.94,24.50,25.11,99.57,99.05,17.84
E,24.95,24.51,25.11,99.56,99.05,17.84
E,24.96,24.51,25.11,99.57,99.06,17.84
E,24.94,24.52,25.11,99.58,99.06,17.84
E,24.94,24.52,25.11,99.58,99.07,17.84
E,24.89,24.52,25.11,99.59,99.07,17.84
E,24.84,24.53,25.11,99.58,99.08,17.84
E,24.82,24.53,25.11,99.60,99.08,17.84
E,24.83,24.53,25.11,99.59,99.09,17.84
E,24.90,24.54,25.11,99.60,99.10,17.84
E,24.94,24.54,25.11,99.59,99.10,17.84
E,24.99,24.54,25.11,99.60,99.11,17.84
E,24.99,24.55,25.11,99.62,99.11,17.84
E,25.01,24.55,25.11,99.61,99.12,17.84
E,25.01,24.56,25.11,99.61,99.12,17.84
E,25.08,24.56,25.11,99.60,99.12,17.84
E,25.18,24.57,25.18,99.64,99.13,17.84
E,25.28,24.58,25.28,99.64,99.14,17.84
E,25.26,24.58,25.28,99.63,99.14,17.84
E,25.25,24.59,25.28,99.63,99.14,17.84
E,25.25,24.60,25.28,99.61,99.15,17.84
E,25.27,24.60,25.28,99.64,99.15,17.84
E,25.33,24.61,25.33,99.63,99.16,17.84
E,25.37,24.62,25.37,99.64,99.16,17.84
E,25.36,24.63,25.37,99.64,99.17,17.84
E,25.41,24.63,25.41,99.64,99.17,17.84
E,25.39,24.64,25.41,99.66,99.18,17.84
E,25.37,24.65,25.41,99.64,99.18,17.84
E,25.34,24.66,25.41,99.66,99.19,17.84
E,25.36,24.66,25.41,99.65,99.19,17.84
E,25.41,24.67,25.41,99.66,99.20,17.84
E,25.48,24.68,25.48,99.68,99.20,17.84
E,25.48,24.69,25.48,99.65,99.21,17.84
E,25.46,24.69,25.48,99.66,99.21,17.84
E,25.48,24.70,25.48,99.65,99.22,17.84
E,25.49,24.71,25.49,99.66,99.22,17.84
E,25.47,24.72,25.49,99.68,99.22,17.84
E,25.44,24.72,25.49,99.64,99.23,17.84
E,25.44,24.73,25.49,99.66,99.23,17.84
E,25.44,24.74,25.49,99.68,99.24,17.84
E,25.51,24.75,25.51,99.66,99.24,17.84
E,25.60,24.76,25.60,99.67,99.25,17.84
E,25.64,24.76,25.64,99.66,99.25,17.84
E,25.66,24.77,25.66,99.66,99.25,17.84
E,25.70,24.78,25.70,99.68,99.26,17.84
E,25.72,24.79,25.72,99.68,99.26,17.84
E,25.79,24.80,25.79,99.68,99.27,17.84
E,25.80,24.81,25.80,99.66,99.27,17.84
E,25.78,24.82,25.80,99.68,99.27,17.84
E,25.77,24.83,25.80,99.68,99.28,17.84
E,25.78,24.84,25.80,99.65,99.28,17.84
E,25.81,24.85,25.81,99.67,99.29,17.84
E,25.81,24.86,25.81,99.67,99.29,17.84
E,25.83,24.87,25.83,99.65,99.29,17.84
E,25.84,24.88,25.84,99.67,99.30,17.84
E,25.85,24.89,25.85,99.68,99.30,17.84
E,25.85,24.90,25.85,99.68,99.31,17.84
E,25.84,24.91,25.85,99.69,99.31,17.84
E,25.84,24.92,25.85,99.68,99.31,17.84
E,25.81,24.93,25.85,99.65,99.32,17.84
E,25.78,24.93,25.85,99.68,99.32,17.84
E,25.74,24.94,25.85,99.67,99.32,17.84
E,25.69,24.95,25.85,99.67,99.33,17.84
E,25.64,24.96,25.85,99.67,99.33,17.84
E,25.64,24.96,25.85,99.68,99.33,17.84
E,25.62,24.97,25.85,99.71,99.34,17.84
E,25.60,24.98,25.85,99.67,99.34,17.84
E,25.55,24.98,25.85,99.68,99.34,17.84
E,25.50,24.99,25.85,99.69,99.35,17.84
E,25.50,24.99,25.85,99.67,99.35,17.84
E,25.46,25.00,25.85,99.69,99.35,17.84
E,25.42,25.00,25.85,99.68,99.36,17.84
E,25.43,25.01,25.85,99.71,99.36,17.84
E,25.43,25.01,25.85,99.70,99.36,17.84
E,25.43,25.01,25.85,99.70,99.37,17.84
E,25.39,25.02,25.85,99.69,99.37,17.84
E,25.39,25.02,25.85,99.71,99.37,17.84
E,25.40,25.03,25.85,99.73,99.38,17.84
E,25.37,25.03,25.85,99.73,99.38,17.84
E,25.36,25.03,25.85,99.73,99.38,17.84
E,25.39,25.04,25.85,99.71,99.39,17.84
E,25.35,25.04,25.85,99.70,99.39,17.84
E,25.32,25.04,25.85,99.69,99.39,17.84
E,25.31,25.04,25.85,99.71,99.40,17.84
E,25.33,25.05,25.85,99.72,99.40,17.84
E,25.29,25.05,25.85,99.73,99.40,17.84
E,25.31,25.05,25.85,99.72,99.41,17.84
E,25.30,25.05,25.85,99.74,99.41,17.84
E,25.29,25.06,25.85,99.73,99.41,17.84
E,25.27,25.06,25.85,99.75,99.42,17.84
E,25.27,25.06,25.85,99.74,99.42,17.84
E,25.24,25.06,25.85,99.70,99.42,17.84
E,25.24,25.06,25.85,99.74,99.43,17.84
E,25.24,25.07,25.85,99.73,99.43,17.84
E,25.22,25.07,25.85,99.73,99.43,17.84
E,25.21,25.07,25.85,99.75,99.44,17.84
E,25.19,25.07,25.85,99.75,99.44,17.84
E,25.16,25.07,25.85,99.73,99.44,17.84
E,25.13,25.07,25.85,99.74,99.44,17.84
E,25.13,25.07,25.85,99.76,99.45,17.84
E,25.12,25.07,25.85,99.75,99.45,17.84
E,25.10,25.07,25.85,99.73,99.45,17.84
E,25.12,25.07,25.85,99.74,99.46,17.84
E,25.12,25.07,25.85,99.74,99.46,17.84
E,25.09,25.07,25.85,99.75,99.46,17.84
E,25.06,25.07,25.85,99.76,99.47,17.84
E,25.04,25.07,25.85,99.76,99.47,17.84
E,25.03,25.07,25.85,99.73,99.47,17.84
E,25.01,25.07,25.85,99.75,99.47,17.84
E,25.01,25.07,25.85,99.75,99.48,17.84
E,24.99,25.07,25.85,99.76,99.48,17.84
E,24.97,25.07,25.85,99.76,99.48,17.84
E,24.96,25.07,25.85,99.74,99.48,17.84
E,24.95,25.07,25.85,99.76,99.49,17.84
E,24.93,25.07,25.85,99.77,99.49,17.84
E,24.92,25.07,25.85,99.76,99.49,17.84
[1203764][I][api.cpp:79] post(): [API] POST /bath/sensors {"temperature":24.91517639,"humidity":99.75585175,"pressure":1017.476257}
[1205691][I][api.cpp:110] post(): [API] received data: {"temperature":24.91517639,"humidity":99.75585175,"pressure":1017.476257,"lastUpdate":"2023-11-15T15:29:50Z"}
E,24.89,25.06,25.85,99.77,99.50,17.84
E,24.91,25.06,25.85,99.78,99.50,17.84
E,24.93,25.06,25.85,99.78,99.50,17.84
E,24.92,25.06,25.85,99.76,99.50,17.84
E,24.93,25.06,25.85,99.76,99.51,17.84
E,24.94,25.06,25.85,99.78,99.51,17.84
E,24.94,25.06,25.85,99.78,99.51,17.84
E,24.95,25.05,25.85,99.79,99.51,17.84
E,24.94,25.05,25.85,99.78,99.52,17.84
E,24.95,25.05,25.85,99.79,99.52,17.84
E,24.95,25.05,25.85,99.79,99.52,17.84
E,24.92,25.05,25.85,99.78,99.53,17.84
E,24.89,25.05,25.85,99.78,99.53,17.84
E,24.87,25.05,25.85,99.79,99.53,17.84
E,24.85,25.04,25.85,99.79,99.53,17.84
E,24.84,25.04,25.85,99.78,99.54,17.84
E,24.84,25.04,25.85,99.79,99.54,17.84
E,24.82,25.04,25.85,99.80,99.54,17.84
E,24.83,25.04,25.85,99.78,99.54,17.84
E,24.83,25.03,25.85,99.80,99.55,17.84
E,24.84,25.03,25.85,99.80,99.55,17.84
E,24.80,25.03,25.85,99.79,99.55,17.84
E,24.79,25.03,25.85,99.81,99.55,17.84
E,24.77,25.03,25.85,99.80,99.56,17.84
E,24.77,25.02,25.85,99.81,99.56,17.84
E,24.82,25.02,25.85,99.81,99.56,17.84
E,24.84,25.02,25.85,99.81,99.56,17.84
E,24.85,25.02,25.85,99.83,99.57,17.84
E,24.85,25.02,25.85,99.81,99.57,17.84
E,24.84,25.01,25.85,99.82,99.57,17.84
E,24.84,25.01,25.85,99.81,99.57,17.84
E,24.84,25.01,25.85,99.82,99.58,17.84
E,24.86,25.01,25.85,99.80,99.58,17.84
E,24.91,25.01,25.85,99.83,99.58,17.84
E,24.94,25.01,25.85,99.82,99.58,17.84
E,24.95,25.01,25.85,99.83,99.59,17.84
E,25.01,25.01,25.85,99.82,99.59,17.84
E,25.01,25.01,25.85,99.82,99.59,17.84
E,25.04,25.01,25.85,99.82,99.59,17.84
E,25.04,25.01,25.85,99.84,99.59,17.84
E,25.11,25.01,25.85,99.83,99.60,17.84
E,25.12,25.01,25.85,99.83,99.60,17.84
E,25.13,25.01,25.85,99.85,99.60,17.84
E,25.13,25.01,25.85,99.84,99.60,17.84
E,25.12,25.01,25.85,99.84,99.61,17.84
E,25.14,25.01,25.85,99.85,99.61,17.84
E,25.16,25.02,25.85,99.83,99.61,17.84
E,25.17,25.02,25.85,99.84,99.61,17.84
E,25.16,25.02,25.85,99.84,99.62,17.84
E,25.15,25.02,25.85,99.82,99.62,17.84
E,25.12,25.02,25.85,99.85,99.62,17.84
E,25.10,25.02,25.85,99.83,99.62,17.84
E,25.09,25.02,25.85,99.85,99.62,17.84
E,25.06,25.02,25.85,99.84,99.63,17.84
E,25.04,25.02,25.85,99.82,99.63,17.84
E,25.01,25.02,25.85,99.83,99.63,17.84
E,24.97,25.02,25.85,99.81,99.63,17.84
E,24.94,25.02,25.85,99.84,99.63,17.84
E,24.91,25.02,25.85,99.85,99.64,17.84
E,24.89,25.02,25.85,99.84,99.64,17.84
E,24.87,25.02,25.85,99.83,99.64,17.84
E,24.84,25.02,25.85,99.84,99.64,17.84
E,24.82,25.01,25.85,99.86,99.64,17.84
E,24.79,25.01,25.85,99.87,99.65,17.84
E,24.76,25.01,25.85,99.84,99.65,17.84
E,24.73,25.01,25.85,99.85,99.65,17.84
E,24.71,25.00,25.85,99.84,99.65,17.84
E,24.67,25.00,25.85,99.86,99.66,17.84
E,24.65,25.00,25.85,99.88,99.66,17.84
E,24.62,24.99,25.85,99.86,99.66,17.84
E,24.59,24.99,25.85,99.84,99.66,17.84
E,24.57,24.98,25.85,99.86,99.66,17.84
E,24.54,24.98,25.85,99.87,99.67,17.84
E,24.51,24.98,25.85,99.88,99.67,17.84
E,24.47,24.97,25.85,99.85,99.67,17.84
E,24.45,24.97,25.85,99.88,99.67,17.84
E,24.42,24.96,25.85,99.88,99.67,17.84
E,24.38,24.95,25.85,99.88,99.68,17.84
E,24.36,24.95,25.85,99.87,99.68,17.84
E,24.33,24.94,25.85,99.87,99.68,17.84
E,24.31,24.94,25.85,99.87,99.68,17.84
E,24.28,24.93,25.85,99.88,99.68,17.84
E,24.26,24.92,25.85,99.89,99.69,17.84
E,24.23,24.92,25.85,99.88,99.69,17.84
E,24.21,24.91,25.85,99.88,99.69,17.84
E,24.18,24.90,25.85,99.91,99.69,17.84
E,24.15,24.89,25.85,99.90,99.69,17.84
E,24.12,24.89,25.85,99.90,99.70,17.84
E,24.10,24.88,25.85,99.89,99.70,17.84
E,24.07,24.87,25.85,99.90,99.70,17.84
E,24.05,24.86,25.85,99.90,99.70,17.84
E,24.02,24.85,25.85,99.88,99.70,17.84
E,24.01,24.84,25.85,99.91,99.71,17.84
E,23.97,24.84,25.85,99.91,99.71,17.84
E,23.95,24.83,25.85,99.91,99.71,17.84
E,23.93,24.82,25.85,99.90,99.71,17.84
E,23.90,24.81,25.85,99.91,99.71,17.84
E,23.88,24.80,25.85,99.91,99.72,17.84
E,23.85,24.79,25.85,99.89,99.72,17.84
E,23.83,24.78,25.85,99.92,99.72,17.84
E,23.80,24.77,25.85,99.90,99.72,17.84
E,23.79,24.76,25.85,99.90,99.72,17.84
E,23.76,24.75,25.85,99.91,99.72,17.84
E,23.73,24.74,25.85,99.91,99.73,17.84
E,23.72,24.73,25.85,99.91,99.73,17.84
E,23.69,24.72,25.85,99.93,99.73,17.84
E,23.67,24.71,25.85,99.91,99.73,17.84
E,23.65,24.70,25.85,99.93,99.73,17.84
E,23.63,24.69,25.85,99.93,99.74,17.84
E,23.61,24.68,25.85,99.94,99.74,17.84
E,23.59,24.67,25.85,99.92,99.74,17.84
E,23.57,24.66,25.85,99.93,99.74,17.84
E,23.54,24.64,25.85,99.94,99.74,17.84
E,23.53,24.63,25.85,99.94,99.75,17.84
E,23.51,24.62,25.85,99.94,99.75,17.84
E,23.49,24.61,25.85,99.95,99.75,17.84
E,23.47,24.60,25.85,99.94,99.75,17.84
E,23.46,24.59,25.85,99.93,99.75,17.84
E,23.44,24.58,25.85,99.94,99.75,17.84
E,23.42,24.57,25.85,99.95,99.76,17.84
E,23.41,24.55,25.85,99.93,99.76,17.84
E,23.39,24.54,25.85,99.94,99.76,17.84
E,23.37,24.53,25.85,99.96,99.76,17.84
E,23.35,24.52,25.85,99.95,99.76,17.84
E,23.34,24.51,25.85,99.95,99.77,17.84
E,23.32,24.49,25.85,99.95,99.77,17.84
E,23.30,24.48,25.85,99.97,99.77,17.84
E,23.29,24.47,25.85,99.98,99.77,17.84
E,23.27,24.46,25.85,99.95,99.77,17.84
E,23.25,24.45,25.85,99.97,99.78,17.84
E,23.24,24.43,25.85,99.95,99.78,17.84
E,23.22,24.42,25.85,99.95,99.78,17.84
E,23.21,24.41,25.85,99.96,99.78,17.84
E,23.19,24.40,25.85,99.97,99.78,17.84
E,23.16,24.39,25.85,99.96,99.78,17.84
E,23.15,24.37,25.85,99.96,99.79,17.84
E,23.14,24.36,25.85,99.96,99.79,17.84
E,23.13,24.35,25.85,99.98,99.79,17.84
E,23.11,24.34,25.85,99.95,99.79,17.84
E,23.10,24.32,25.85,99.97,99.79,17.84
E,23.09,24.31,25.85,99.99,99.80,17.84
E,23.08,24.30,25.85,99.99,99.80,17.84
E,23.06,24.29,25.85,100.00,99.80,17.84
E,23.05,24.27,25.85,100.00,99.80,17.84
E,23.04,24.26,25.85,99.97,99.80,17.84
E,23.02,24.25,25.85,99.99,99.81,17.84
E,23.01,24.24,25.85,100.00,99.81,17.84
E,23.00,24.23,25.85,100.00,99.81,17.84
E,22.98,24.21,25.85,99.99,99.81,17.84
E,22.98,24.20,25.85,100.00,99.81,17.84
E,22.96,24.19,25.85,100.00,99.81,17.84
E,22.95,24.18,25.85,100.00,99.82,17.84
E,22.94,24.16,25.85,100.00,99.82,17.84
E,22.93,24.15,25.85,100.00,99.82,17.84
E,22.91,24.14,25.85,100.00,99.82,17.84
E,22.90,24.13,25.85,100.00,99.82,17.84
E,22.89,24.11,25.85,100.00,99.83,17.84
E,22.88,24.10,25.85,100.00,99.83,17.84
E,22.86,24.09,25.85,100.00,99.83,17.84
E,22.85,24.08,25.85,100.00,99.83,17.84
E,22.83,24.06,25.85,100.00,99.83,17.84
E,22.81,24.05,25.85,100.00,99.83,17.84
E,22.80,24.04,25.85,100.00,99.84,17.84
E,22.79,24.03,25.85,100.00,99.84,17.84
E,22.78,24.01,25.85,100.00,99.84,17.84
E,22.76,24.00,25.85,100.00,99.84,17.84
E,22.76,23.99,25.85,100.00,99.84,17.84
E,22.75,23.98,25.85,100.00,99.84,17.84
E,22.73,23.96,25.85,100.00,99.85,17.84
E,22.73,23.95,25.85,100.00,99.85,17.84
E,22.71,23.94,25.85,100.00,99.85,17.84
E,22.70,23.93,25.85,100.00,99.85,17.84
E,22.70,23.92,25.85,100.00,99.85,17.84
E,22.70,23.90,25.85,100.00,99.85,17.84
E,22.68,23.89,25.85,100.00,99.85,17.84
E,22.67,23.88,25.85,100.00,99.86,17.84
E,22.67,23.87,25.85,100.00,99.86,17.84
E,22.66,23.85,25.85,100.00,99.86,17.84
E,22.65,23.84,25.85,100.00,99.86,17.84
E,22.63,23.83,25.85,100.00,99.86,17.84
E,22.62,23.82,25.85,100.00,99.86,17.84
E,22.61,23.81,25.85,100.00,99.86,17.84
E,22.59,23.79,25.85,100.00,99.87,17.84
E,22.58,23.78,25.85,100.00,99.87,17.84
E,22.58,23.77,25.85,100.00,99.87,17.84
E,22.56,23.76,25.85,100.00,99.87,17.84
E,22.55,23.75,25.85,100.00,99.87,17.84
E,22.55,23.73,25.85,100.00,99.87,17.84
E,22.54,23.72,25.85,100.00,99.87,17.84
E,22.51,23.71,25.85,100.00,99.87,17.84
E,22.51,23.70,25.85,100.00,99.88,17.84
E,22.50,23.69,25.85,100.00,99.88,17.84
E,22.48,23.67,25.85,100.00,99.88,17.84
E,22.48,23.66,25.85,100.00,99.88,17.84
E,22.48,23.65,25.85,100.00,99.88,17.84
E,22.47,23.64,25.85,100.00,99.88,17.84
E,22.45,23.63,25.85,100.00,99.88,17.84
E,22.45,23.61,25.85,100.00,99.88,17.84
E,22.44,23.60,25.85,100.00,99.89,17.84
E,22.43,23.59,25.85,100.00,99.89,17.84
E,22.43,23.58,25.85,100.00,99.89,17.84
E,22.42,23.57,25.85,100.00,99.89,17.84
E,22.41,23.56,25.85,100.00,99.89,17.84
E,22.40,23.54,25.85,100.00,99.89,17.84
E,22.39,23.53,25.85,100.00,99.89,17.84
E,22.38,23.52,25.85,100.00,99.89,17.84
E,22.36,23.51,25.85,100.00,99.89,17.84
E,22.34,23.50,25.85,100.00,99.90,17.84
E,22.31,23.49,25.85,100.00,99.90,17.84
E,22.31,23.47,25.85,100.00,99.90,17.84
E,22.30,23.46,25.85,100.00,99.90,17.84
E,22.29,23.45,25.85,100.00,99.90,17.84
E,22.28,23.44,25.85,100.00,99.90,17.84
E,22.26,23.43,25.85,100.00,99.90,17.84
E,22.25,23.42,25.85,100.00,99.90,17.84
E,22.23,23.40,25.85,100.00,99.90,17.84
E,22.22,23.39,25.85,100.00,99.90,17.84
E,22.21,23.38,25.85,100.00,99.91,17.84
E,22.20,23.37,25.85,100.00,99.91,17.84
E,22.19,23.36,25.85,100.00,99.91,17.84
E,22.17,23.34,25.85,100.00,99.91,17.84
E,22.16,23.33,25.85,100.00,99.91,17.84
E,22.13,23.32,25.85,100.00,99.91,17.84
E,22.12,23.31,25.85,100.00,99.91,17.84
E,22.11,23.30,25.85,100.00,99.91,17.84
E,22.10,23.28,25.85,100.00,99.91,17.84
E,22.09,23.27,25.85,100.00,99.91,17.84
E,22.08,23.26,25.85,100.00,99.91,17.84
E,22.08,23.25,25.85,100.00,99.92,17.84
E,22.07,23.24,25.85,100.00,99.92,17.84
E,22.06,23.23,25.85,100.00,99.92,17.84
E,22.06,23.21,25.85,100.00,99.92,17.84
E,22.04,23.20,25.85,100.00,99.92,17.84
E,22.03,23.19,25.85,100.00,99.92,17.84
E,22.02,23.18,25.85,100.00,99.92,17.84
E,22.02,23.17,25.85,100.00,99.92,17.84
E,22.01,23.16,25.85,100.00,99.92,17.84
E,22.01,23.14,25.85,100.00,99.92,17.84
E,22.00,23.13,25.85,100.00,99.92,17.84
E,21.99,23.12,25.85,100.00,99.92,17.84
E,21.99,23.11,25.85,100.00,99.92,17.84
E,21.98,23.10,25.85,100.00,99.93,17.84
E,21.97,23.09,25.85,100.00,99.93,17.84
E,21.96,23.08,25.85,100.00,99.93,17.84
E,21.95,23.07,25.85,100.00,99.93,17.84
E,21.95,23.05,25.85,100.00,99.93,17.84
E,21.95,23.04,25.85,100.00,99.93,17.84
E,21.94,23.03,25.85,100.00,99.93,17.84
E,21.94,23.02,25.85,100.00,99.93,17.84
E,21.93,23.01,25.85,100.00,99.93,17.84
E,21.93,23.00,25.85,100.00,99.93,17.84
E,21.92,22.99,25.85,100.00,99.93,17.84
E,21.92,22.98,25.85,100.00,99.93,17.84
E,21.91,22.97,25.85,100.00,99.93,17.84
E,21.91,22.96,25.85,100.00,99.93,17.84
E,21.91,22.95,25.85,100.00,99.94,17.84
E,21.90,22.94,25.85,100.00,99.94,17.84
E,21.91,22.93,25.85,100.00,99.94,17.84
E,21.91,22.92,25.85,100.00,99.94,17.84
E,21.90,22.90,25.85,100.00,99.94,17.84
E,21.89,22.89,25.85,100.00,99.94,17.84
E,21.89,22.88,25.85,100.00,99.94,17.84
E,21.89,22.87,25.85,100.00,99.94,17.84
E,21.89,22.86,25.85,100.00,99.94,17.84
E,21.88,22.86,25.85,100.00,99.94,17.84
E,21.88,22.85,25.85,100.00,99.94,17.84
E,21.87,22.84,25.85,100.00,99.94,17.84
E,21.88,22.83,25.85,100.00,99.94,17.84
E,21.88,22.82,25.85,100.00,99.94,17.84
E,21.87,22.81,25.85,100.00,99.94,17.84
E,21.87,22.80,25.85,100.00,99.94,17.84
E,21.87,22.79,25.85,100.00,99.95,17.84
E,21.87,22.78,25.85,100.00,99.95,17.84
E,21.86,22.77,25.85,100.00,99.95,17.84
E,21.87,22.76,25.85,100.00,99.95,17.84
E,21.86,22.75,25.85,100.00,99.95,17.84
E,21.86,22.74,25.85,100.00,99.95,17.84
E,21.86,22.73,25.85,100.00,99.95,17.84
E,21.85,22.73,25.85,100.00,99.95,17.84
E,21.85,22.72,25.85,100.00,99.95,17.84
E,21.85,22.71,25.85,100.00,99.95,17.84
E,21.84,22.70,25.85,100.00,99.95,17.84
E,21.83,22.69,25.85,100.00,99.95,17.84
E,21.83,22.68,25.85,100.00,99.95,17.84
E,21.83,22.67,25.85,100.00,99.95,17.84
E,21.82,22.66,25.85,100.00,99.95,17.84
E,21.81,22.66,25.85,100.00,99.95,17.84
E,21.81,22.65,25.85,100.00,99.95,17.84
E,21.81,22.64,25.85,100.00,99.95,17.84
E,21.81,22.63,25.85,100.00,99.95,17.84
E,21.80,22.62,25.85,100.00,99.95,17.84
E,21.79,22.61,25.85,100.00,99.96,17.84
E,21.80,22.61,25.85,100.00,99.96,17.84
E,21.79,22.60,25.85,100.00,99.96,17.84
E,21.79,22.59,25.85,100.00,99.96,17.84
E,21.78,22.58,25.85,100.00,99.96,17.84
E,21.78,22.57,25.85,100.00,99.96,17.84
E,21.77,22.57,25.85,100.00,99.96,17.84
E,21.78,22.56,25.85,100.00,99.96,17.84
E,21.77,22.55,25.85,100.00,99.96,17.84
E,21.77,22.54,25.85,100.00,99.96,17.84
E,21.76,22.53,25.85,100.00,99.96,17.84
E,21.76,22.53,25.85,100.00,99.96,17.84
E,21.75,22.52,25.85,100.00,99.96,17.84
E,21.74,22.51,25.85,100.00,99.96,17.84
E,21.74,22.50,25.85,100.00,99.96,17.84
E,21.74,22.50,25.85,100.00,99.96,17.84
E,21.73,22.49,25.85,100.00,99.96,17.84
E,21.73,22.48,25.85,100.00,99.96,17.84
E,21.73,22.47,25.85,100.00,99.96,17.84
E,21.72,22.47,25.85,100.00,99.96,17.84
E,21.72,22.46,25.85,100.00,99.96,17.84
E,21.72,22.45,25.85,100.00,99.96,17.84
E,21.72,22.44,25.85,100.00,99.96,17.84
E,21.71,22.44,25.85,100.00,99.96,17.84
E,21.71,22.43,25.85,100.00,99.96,17.84
E,21.71,22.42,25.85,100.00,99.97,17.84
E,21.71,22.41,25.85,100.00,99.97,17.84
E,21.70,22.41,25.85,100.00,99.97,17.84
E,21.70,22.40,25.85,100.00,99.97,17.84
E,21.69,22.39,25.85,100.00,99.97,17.84
E,21.69,22.39,25.85,100.00,99.97,17.84
E,21.68,22.38,25.85,100.00,99.97,17.84
E,21.68,22.37,25.85,100.00,99.97,17.84
E,21.68,22.37,25.85,100.00,99.97,17.84
E,21.67,22.36,25.85,100.00,99.97,17.84
E,21.67,22.35,25.85,100.00,99.97,17.84
E,21.67,22.34,25.85,100.00,99.97,17.84
E,21.67,22.34,25.85,100.00,99.97,17.84
E,21.67,22.33,25.85,100.00,99.97,17.84
E,21.66,22.32,25.85,100.00,99.97,17.84
E,21.66,22.32,25.85,100.00,99.97,17.84
E,21.66,22.31,25.85,100.00,99.97,17.84
E,21.66,22.30,25.85,100.00,99.97,17.84
E,21.65,22.30,25.85,100.00,99.97,17.84
E,21.64,22.29,25.85,100.00,99.97,17.84
E,21.63,22.29,25.85,100.00,99.97,17.84
E,21.64,22.28,25.85,100.00,99.97,17.84
E,21.64,22.27,25.85,100.00,99.97,17.84
E,21.64,22.27,25.85,100.00,99.97,17.84
E,21.63,22.26,25.85,100.00,99.97,17.84
E,21.62,22.25,25.85,100.00,99.97,17.84
E,21.63,22.25,25.85,100.00,99.97,17.84
E,21.63,22.24,25.85,100.00,99.97,17.84
E,21.63,22.23,25.85,100.00,99.97,17.84
E,21.63,22.23,25.85,100.00,99.97,17.84
E,21.62,22.22,25.85,100.00,99.97,17.84
E,21.61,22.22,25.85,100.00,99.97,17.84
E,21.61,22.21,25.85,100.00,99.97,17.84
E,21.61,22.20,25.85,100.00,99.97,17.84
E,21.61,22.20,25.85,100.00,99.98,17.84
E,21.60,22.19,25.85,100.00,99.98,17.84
E,21.61,22.19,25.85,100.00,99.98,17.84
E,21.60,22.18,25.85,100.00,99.98,17.84
E,21.60,22.17,25.85,100.00,99.98,17.84
E,21.59,22.17,25.85,100.00,99.98,17.84
E,21.59,22.16,25.85,100.00,99.98,17.84
E,21.58,22.16,25.85,100.00,99.98,17.84
E,21.57,22.15,25.85,100.00,99.98,17.84
E,21.56,22.15,25.85,100.00,99.98,17.84
E,21.56,22.14,25.85,100.00,99.98,17.84
E,21.56,22.13,25.85,100.00,99.98,17.84
E,21.55,22.13,25.85,100.00,99.98,17.84
E,21.55,22.12,25.85,100.00,99.98,17.84
E,21.55,22.12,25.85,100.00,99.98,17.84
E,21.55,22.11,25.85,100.00,99.98,17.84
E,21.54,22.11,25.85,100.00,99.98,17.84
E,21.53,22.10,25.85,100.00,99.98,17.84
E,21.53,22.09,25.85,100.00,99.98,17.84
E,21.53,22.09,25.85,100.00,99.98,17.84
E,21.53,22.08,25.85,100.00,99.98,17.84
E,21.52,22.08,25.85,100.00,99.98,17.84
E,21.52,22.07,25.85,100.00,99.98,17.84
E,21.53,22.07,25.85,100.00,99.98,17.84
E,21.52,22.06,25.85,100.00,99.98,17.84
E,21.52,22.06,25.85,100.00,99.98,17.84
E,21.52,22.05,25.85,100.00,99.98,17.84
E,21.51,22.04,25.85,100.00,99.98,17.84
E,21.51,22.04,25.85,100.00,99.98,17.84
E,21.51,22.03,25.85,100.00,99.98,17.84
E,21.50,22.03,25.85,100.00,99.98,17.84
E,21.50,22.02,25.85,100.00,99.98,17.84
E,21.49,22.02,25.85,100.00,99.98,17.84
E,21.49,22.01,25.85,100.00,99.98,17.84
E,21.49,22.01,25.85,100.00,99.98,17.84
E,21.48,22.00,25.85,100.00,99.98,17.84
E,21.48,22.00,25.85,100.00,99.98,17.84
E,21.48,21.99,25.85,100.00,99.98,17.84
E,21.47,21.99,25.85,100.00,99.98,17.84
E,21.47,21.98,25.85,100.00,99.98,17.84
E,21.46,21.98,25.85,100.00,99.98,17.84
E,21.46,21.97,25.85,100.00,99.98,17.84
E,21.46,21.97,25.85,100.00,99.98,17.84
E,21.45,21.96,25.85,100.00,99.98,17.84
